table sam0(s0,ss0) Billions of Current Tugrik

                  Itax     Capital          HH        Govt     Capacct      ACrops  ALivestock     AForFsh       ACoal     AOilGas     AMetMin

Itax                                                                    0.00094533  0.00065857  0.00006973  3.94824648  0.00001100  0.00138581
Capital                                                                10.33857225 2.472775E+2 22.42872432 37.33862037  0.85653962 1.077660E+3
HH                                             4.530000E+2
Govt       1.770000E+2
Capacct                            8.932144E+2 2.164204E+2
CCrops                              0.00910806                         69.64238445 66.97532382              0.05938332              0.00001656
CLivestock                          0.04514545             6.144417E+2 70.24139774 97.45497637 12.86027544  0.01514168  0.00968775  0.34836184
CForFsh                             0.90197976                          1.18723649  0.28978171  0.00286345  0.03598519             11.96042891
CCoal                               0.00162032                          0.10798063  0.58005338              0.36872390  0.00224593  0.00008239
COilGas                                                     4.28969788
CMetMin                             6.98251930  0.17970082 1.087018E+3  0.16068316  0.80504197  0.01760121  0.31765670  0.00582717 27.41795548
COthMin                             7.88758323              0.01565389  0.00823573  1.50806088                                      0.41491544
CFoodPr                            4.072183E+2  0.09770886  0.19598352  1.21939758  4.17196868  0.02170672  0.25693805  0.03268350  4.41175672
CTobac                             10.90504319
CTextile                           28.88697974              8.09110961  0.62587074              0.12169612  0.00983682  0.00556246  0.00014575
CApparel                           82.25792988                          0.47521364              1.77889209  0.03599206  0.31086136  2.79354982
CLeather                           11.26240937              2.26750655  0.03329110              0.01206353  0.03698240              1.07618315
CWoodPr                             0.98674482  0.01851099  9.04743050  0.46398254  0.84083434  0.06476814  1.13527185  0.00000641  0.00032902
CPaperPr                            0.00000961              0.03382820  0.10268208  0.00361879              0.13585903  0.00000399  0.00008575
CPubMed                             3.81762985              8.25736723  0.08842249  0.09013510  0.01229724  0.01029210  0.00000192  0.00009192
CChemical                           0.00790471  0.52972365             20.24867216  7.96955848 16.47014248 25.22252616  0.00002631  0.00952227
CNMetMin                            0.00018352  0.02114417  0.00113626  1.26902979  1.15925119  0.06893566  1.06035346  0.00004201  0.00097017
CMetals                             0.00005810                                                              0.35261043              0.00516331
CMetalPr                            0.00054319             21.69327355  0.00010358  0.00150328  0.00009962  0.00088394  0.00018750  0.00655562
CElMach                             0.00093989  0.00000022 14.93255189  0.00000079  0.00000645  0.00000042  0.00003390  0.00000081  0.00033197
CPrecIns                            0.00013467             12.05296899  0.00000058  0.00000807  0.00000053  0.00000474  0.00000101  0.00003516
CTranspEq                           0.00101688              4.46232515              0.00000021  0.00003211  0.00000910              0.00004922
COthMfg                             0.00047252              3.32071739  0.01225832              0.09353203                          0.00001124
CRecycle                            0.11664141  0.00447765  0.08032483  0.36760631  0.03757938              0.61259989              1.59252057
CUtility                           1.444842E+2  3.94798645 10.88905747  5.07740883  2.72445646  0.62642163  8.57335503  0.07999567  7.32779976
CConst                              0.00015378  1.39542002 5.933555E+2  0.13554437  0.29641341  0.01623262  2.07950773  0.00002169  0.00230403
CWhRetTr                           4.448472E+2  1.18104951 1.873404E+2 15.83853515 25.42039843  0.97725195  6.39739840  0.64793644 12.08887914
CHotRest                           1.002005E+2  1.21561032  2.35078811  0.02561536  0.25609148  0.01453955  0.79952681  0.49731317  0.00028219
CTransComm                         1.126997E+3 14.26090242  0.01487657 13.23435453 29.21346217  1.64424862 28.45787675  1.64491314 18.81549234
CFinServ                           61.60945433  0.00378397  0.03071935  7.66677104  7.05412531  0.66450238  3.81748249  0.38008996  0.00311470
CRealEst                           5.536701E+2 20.20973057 2.045871E+2  3.60658691  1.53149737  1.93502466  2.27285265  0.25638625  6.02583428
CPubAdmin                           0.15710922 6.155433E+2  0.00939507                                      0.01443991              0.00000106
CEducation                         41.75078985 1.719667E+2  0.04145483                                                              0.00000035
CHealth                            33.63788412 59.58999584              1.44126607 11.13874928  0.00639749  0.22301967  0.00470220  0.00003416
COthServ                           28.35456144 68.83421317  4.17870591  0.01115171  0.02906207  0.00634911  3.33321207  0.05926213  0.00023978
UnSkLab                                                                 8.22265137 27.62445786  0.96305379  9.51773811  0.06957121  0.00535547
SkLab                                                                   0.00078854  0.00170120  0.00015312 70.34146202  0.00001953  0.00535547
Land                                                                   37.31265454 9.404697E+2
ENT                    3.447218E+3
DTax                               4.346113E+2
ROW                                1.570000E+2
Total      1.770000E+2 3.447218E+3 4.581826E+3 1.628420E+3 2.793000E+3 2.691673E+2 1.474926E+3 60.80787575 2.067818E+2  4.86390013 1.171975E+3

         +     AOthMin     AFoodPr      ATobac    ATextile    AApparel    ALeather     AWoodPr    APaperPr     APubMed   AChemical    ANMetMin

Itax        0.00012632  0.00087170  0.00055218  0.10348770  0.00017017  0.00000457  0.00002028  0.02558464  0.40931906  1.38778768  1.16001916
Capital    18.83071252 1.054545E+2  0.00008086 44.83781546  5.72660634  0.44809193 10.54229897  0.89394284  5.08701134  5.80769397 26.32945945
CCrops      0.01937200 40.02712473  0.62064511  0.02025748                                                  0.08736835  0.78428703  0.56779626
CLivestock  0.12756801 2.850253E+2             74.43640272  7.08537884 24.80053925  0.07920266  0.01138021  0.12832458  0.55713660  0.26017941
CForFsh     0.02110080  0.00002017              0.03250735  0.01315583             22.53334245                                      0.00170553
CCoal       0.00713980  0.00005807              0.08609573  0.15770360              0.00001135                          0.81750423  0.00023855
COilGas                                                                                                                 0.07830212
CMetMin     0.45809904  0.40875349              0.53738730  0.48382180  0.12649820  0.03665642  0.00793801  0.07447810  0.09300196 10.77002959
COthMin     0.30457717  0.03229852              0.04334798              0.01283644                                      0.01156648 18.65918188
CFoodPr     0.51342764 85.00562771  0.00910367  1.18799847  0.56627284  0.14271890  0.27603261  0.04798919  0.18335879  0.29340353  0.43395562
CTobac                              0.09192041
CTextile    0.83976979  0.11389966             30.96450402 90.29099124  0.21752280  0.01377635              0.08933458  5.10865626  0.01575822
CApparel    0.37407034  0.02205829              0.47914479  0.67700631  0.20289923  0.01232349                                      0.05928508
CLeather    0.01460368  0.00827455              1.15433384  0.42025914  0.61837840  0.00931715              0.81581562              0.05049132
CWoodPr     0.64754577  0.44030795  0.19583708  0.09069843  0.12533015  0.00000055  6.85120997  0.63802285  1.06888466  0.17967280  0.43112871
CPaperPr    0.00001781  0.00014235  0.36348747  0.03727859  0.00006074  0.00000070  0.01749339  3.00247571  0.00037337  0.17011043  0.37077552
CPubMed     0.00001203  0.81658733  2.14315794  0.09856773  0.00002913  0.00000034  0.03682515  2.21516992  6.84192702  0.10777455  0.27212507
CChemical   0.00104895  2.65496006  0.16208249  1.03533736  0.00035727  0.00006695  0.65785976  0.38033635  1.83051874 16.02602566 13.13166295
CNMetMin    0.38342003  4.73264389  0.05995992  0.10261998  0.00000047  0.00000035  0.83471156  0.01188083  0.06582814  0.03361920  6.31609454
CMetals     0.00014191  0.00003895              0.00387703                          0.08221952              1.00139100              0.00030208
CMetalPr    0.00022451  0.00020523  0.08922566  0.00008696  0.00000865  0.00000086  0.00003840  0.03551307  0.22939815              0.00029968
CElMach     0.00000745  0.00000111              0.00000037  0.00000030              0.00000070  0.00001449  0.07964198              0.00000129
CPrecIns    0.00000121  0.00000110              0.00000047                          0.02149360              0.01152840  0.57117698  0.04175473
CTranspEq   0.00000041  0.00001247              0.00000980  0.00000112              0.00000352                                      0.02070564
COthMfg                 0.00000317                          0.00000050              0.00000667              0.02142668              0.04116899
CRecycle    0.02536933  0.20784281              0.27106241  0.01143906              0.01241387              0.04564247  0.13981588  0.16539877
CUtility   10.06424493 13.41690521  0.13397675 17.25565234 11.75782743  3.30932576  0.64541942  0.16859709  2.86992998  1.74067949 10.82344077
CConst      0.61976804  0.21524759              0.18339550  0.00000256  0.00000252  0.05182740  0.17636450  1.43498078  0.30949210  0.83817458
CWhRetTr    3.70157321 33.97178542  0.61830767 16.01925720 17.04588087  3.95152825  3.12882327  1.22077137  3.19403438  4.62201666  6.55896770
CHotRest    0.19976807  1.27452133              1.23131321  0.68805834  0.26462451  0.01125695  0.36004773  0.87826130  0.45353764  0.37250452
CTransComm 11.63246855  0.00219924  1.03447974  9.61895864 10.60851838  2.11477914 12.96902831 42.61464937  5.72575813  4.78245896 17.83224842
CFinServ    2.79699905  8.68026293  0.19208497  6.14403355  4.69343021  0.93563573  0.78410737  0.68068988  2.67821326  1.54252253  2.34750608
CRealEst    1.41931117  2.85115812  0.09221191  1.62930477  4.17558876  0.06303703  0.61158468  0.67172206  2.27737832  0.51949829  1.73248428
CEducation                                                                          0.00670425
CHealth     0.08233161  0.03235974              0.04090251  0.03921672  0.00685514  0.00567321  0.04240117  0.14493231  0.15089832  0.39373226
COthServ    0.25020208  0.27532430  0.08477063  0.92492792  0.10932676              0.04114457  0.00731385  0.36192616  0.01071196  0.03473765
UnSkLab     3.84254750 10.50278068  0.17263444  3.10539893  5.40434846 12.96586136  0.00011915  0.00001629  0.00016109 12.12040998  0.00010349
SkLab      70.19664390  0.00097743  0.00000895  0.00023832 65.06053919 12.65465397  0.00011915  0.00001629  0.00016109 12.01398628  0.00010349
Total      1.273742E+2 5.961751E+2  6.06452786 2.116762E+2 2.251413E+2 62.83586288 60.27306560 53.21283771 37.63730782 70.43374757 1.200335E+2

         +     AMetals    AMetalPr     AElMach    APrecIns   ATranspEq     AOthMfg    ARecycle    AUtility      AConst    AWhRetTr    AHotRest

Itax        2.41075154  0.51947971  0.45123563  0.05243369  0.02463716  0.12701087  0.00000037             23.27102904  4.60615452  1.44525328
Capital    20.65679855  4.71988724  4.12254654  0.56738909  2.55977660  0.79566569  1.25879338 44.30487598 81.91220360 3.088556E+2  6.09103607
CCrops      0.01225396              0.07529607                                                              1.33944381  0.69342387  7.43791354
CLivestock  0.46494240              0.01732930                          0.01049905              0.11008042  0.50937395  5.13249960 38.84038488
CForFsh                                                                 0.05129341              0.00000954  2.51730919  1.34063440  0.46379761
CCoal       0.31634861  0.96422633  0.03873585                          0.01621047             3.609779E+2  0.00001078  4.82843510  0.94112427
COilGas                                                                                                     0.20044916
CMetMin     0.75061318  0.08740278  0.01604793              0.01235824  0.07690208  0.04632062  8.99396407  8.66551765  1.71503402  0.83990002
COthMin     0.66166961                                                  0.01444897              0.08916627 1.237194E+2  1.44830457  0.00642998
CFoodPr     1.13258255  0.07568479  0.81115056  0.00714043  0.01603572  0.02991165  0.03835017  0.00011625  2.04654824  2.52107663 11.86396788
CTobac                                                                                                                              0.22266902
CTextile    3.93322127                                      0.03671667                          0.13070922  0.74847135  0.71481918  2.31687925
CApparel    2.67473182  0.01327536                                                              3.05839431  0.18548768  0.30803503
CLeather    0.22717031                                                  0.01644819              0.10804810  0.91021274  0.08331280  0.26014695
CWoodPr     2.46694032  0.41173249  0.01966674  0.00889112  0.13611220  0.95386583  0.01096364  0.15106243  0.00131202  2.04065839  0.13394733
CPaperPr    0.04624271  0.00446784  0.03340725  0.00206461              0.01102315              0.00004863  0.00013160  0.00008614  0.00005447
CPubMed     0.02898773              0.02747305  0.17510673              0.03613422              0.23509805  2.43982668  0.83244191  0.27385773
CChemical  22.40834969  0.97919929  0.14641037  0.00005067  0.01478895  0.41814552  0.00246876  0.00344726 38.61094786 27.37130195  6.12472133
CNMetMin    1.99523767  0.56294584                          0.12517945  0.09809664              0.35919561  0.00799781  3.02654636  0.88994612
CMetals    41.18974636  0.00030231  0.97976696              0.52774758  0.40087175              0.00006585 44.68488347  0.98866183  0.05756507
CMetalPr    2.20665405  3.00628542  0.06942739  0.00092133              0.05369707              0.00024496  0.00277715  0.00018339  0.00004410
CElMach     0.64082788  0.20325687  2.65273374  0.13108058  0.12780740  0.02596881  0.00000118  0.00058674  0.00082828  0.00012244  0.00000854
CPrecIns    0.12801660  0.03753448  0.35609232  1.78599839              0.44608291              0.00001956  0.62818973  0.00001902  0.00000028
CTranspEq               0.32814225              0.00583772  0.06624986  0.05269383              0.00000100  0.00003470  0.00011056  0.00000033
COthMfg     0.02223549                                                  0.13583293              0.00121842  0.58070056  0.16854393  0.83136801
CRecycle    0.44293126  0.08336899  1.80192867                                                  0.08707261  0.13375331  0.17246948  0.39758105
CUtility    9.48706686  2.19127101  0.74180508  0.22604695  0.71824142  0.00004070  1.57589607 32.53326259 15.27556075 25.62249113 24.41627250
CConst      1.79677249  0.20550689  0.11189793  0.08390270              0.78501834              2.09473581 13.54123884  1.43291965  0.11460725
CWhRetTr   15.58897574  4.01164931  2.27225629  0.57213460  0.12967483  0.50644384  0.00000060 15.22667459 77.14293202 51.52470239  6.81098598
CHotRest    0.56874889  0.19778731  0.27952281  0.02590405                                      0.85453137  3.14314502 23.28921325  0.93536498
CTransComm 20.94770013  5.66512402  2.13243090  0.00002659  0.28270689  0.00005726  0.03771168 31.30982606 1.769500E+2 98.34288958 11.86088671
CFinServ    7.28868640  1.93518756  0.88191649  0.20285272  0.12604967  0.38625680  0.08255834 13.34318486  0.00151944  0.00396761  5.18329610
CRealEst    6.21049311  0.78540709  0.41836517  0.02472521  0.04360358  0.92275870              0.00023872 61.89210872 57.78601606  1.06409946
CPubAdmin                                                                                       0.00444144              0.09818074
CEducation                          0.03717809                                                  0.00451855  0.01157710  0.13929660  0.09011560
CHealth     0.12971848  0.01245844                                                              0.25990255  0.12324535  0.68009580  0.05693376
COthServ    0.04753446  0.42541540  0.32414537  0.00000042                                      2.63536448  0.66009417  1.34106142  0.47671445
UnSkLab     0.00031579  0.00001603  0.00001554  0.00001376              2.85363224  5.12975387 26.92958241  0.00291706 1.753839E+2 27.79527481
SkLab       0.00031579  0.00001603  0.00001554  0.00001376              2.84511711  5.10737095 23.84375502  0.00291706 1.724345E+2 27.36054247
Total      1.668836E+2 27.42703111 18.81879757  3.87253511  4.94768622 12.07012801 13.29018962 5.676514E+2 6.818641E+2 9.749277E+2 1.856037E+2

         +  ATransComm    AFinServ    ARealEst   APubAdmin  AEducation     AHealth    AOthServ      CCrops  CLivestock     CForFsh       CCoal

Itax       1.216218E+2  0.35715177  9.92509873  1.06712014  0.59425393  1.16541897  2.32190697
Capital    7.841200E+2 92.60127736 3.970305E+2             37.38229859 16.94363664 23.43756666
ACrops                                                                                         2.691673E+2
ALivestock                                                                                                 1.474926E+3
AForFsh                                                                                                                60.80787575
ACoal                                                                                                                              2.067818E+2
CCrops      3.16060096              0.03821290  5.26792841  3.86730377  0.63605102  0.11558313
CLivestock 21.47087708              0.34166809  1.93387304  2.29519593  4.00771680  0.64334909
CForFsh    18.74152560              0.05361795  0.05526345  0.02140673  0.46312926  0.07141244
CCoal      11.53707677  0.07989224  0.32830672  0.00010351  0.87225463  1.32999280  0.70370964
COilGas                             0.03126524
CMetMin     5.65616920  0.31061814  3.08965454  0.68769650  0.37601826  0.27430558  0.61107325
COthMin     2.26634793              0.59086623  0.30050754  0.03302475  0.02312048  0.10956078
CFoodPr    17.85507099  0.49749293  0.00011972  2.99244117  4.01881502  3.04379369  1.12687242
CTobac      0.36220193
CTextile    5.41111627  0.05022257  4.00781847  1.00889848  0.09943574  0.15010752  0.95717197
CApparel    8.12530973              1.34453536  0.37069462  0.02575902  0.20400884  2.16913019
CLeather    0.56857577  0.01038220  0.57081325  0.84035898  0.32743875  0.02273460  0.11716089
CWoodPr    24.34172153  0.06051584  3.52773398  0.61458813  0.89545188  0.17166645  1.09745186
CPaperPr    0.00026818  0.00001379 61.01919885  0.00001686  0.00001142  0.00000955  1.05641546
CPubMed     4.32087506  3.74756917  6.32250767  6.64403567  1.32602418  0.17917773  2.34762469
CChemical  80.79803210  1.17721185  5.29950221  3.86655721  1.58708709 19.26929688  4.55278353
CNMetMin   20.21833241  0.19800199 37.81503226  4.02212145  2.03987708  0.44830026  0.32506104
CMetals    19.79837312  0.01913060  1.38880502  0.00001519  0.34484593  0.00004880  0.00721398
CMetalPr    0.00052575  0.00001723  0.00196196  0.00008215  0.00004575  0.00000646  0.00002707
CElMach     0.00313067  0.00000504  0.00031987  0.00034593  0.00001749  0.00001284  0.00002050
CPrecIns    0.00046567              0.00019878  0.00006983  0.00000271  0.00039332  0.00000169
CTranspEq   0.00473493  0.00002775  0.00016751  0.00027393  0.00001929  0.00001118  0.00003252
COthMfg     0.67228470              0.00016878  0.57450457  2.89095968  0.19335440  0.48366591
CRecycle    8.29781853  0.18866671  0.09952313  0.02533520  0.02915395  1.03127768  0.02077656
CUtility   60.32558200  9.40663564 65.03009776 10.39555396  9.44017014  5.79910794 20.62350430
CConst     30.11094052  2.99071948 12.42447746  6.73670171  2.80807187  0.21792546  1.55463080
CWhRetTr   87.31446787  1.36886083 36.16994637  7.89805178  3.41607470  9.02769304  4.32744850
CHotRest   17.87310157  9.68743680  5.56350860  1.75369189  3.78117600  0.25963894  4.39290207
CTransComm 3.148699E+2 29.15233603 2.224240E+2 4.937424E+2 15.13181163 10.25069591 30.80889311
CFinServ   54.85172101 2.063754E+2 27.91162912 40.93972322 15.03807827  6.04500806  7.45047093
CRealEst   69.10392906 42.32443188 86.77272821 20.32969158 14.61193257  6.90088224 26.84220586
CPubAdmin   0.09135180  0.02977406  0.23846095 3.756312E+2  0.02083041              0.28384141
CEducation  6.17353508  0.03715349  0.00003001  0.24272471 1.503002E+2              1.40500748
CHealth     2.94201379  0.08429141  0.83147466  0.31927476  0.04126059 81.40045465  0.94360498
COthServ    3.44666961  3.01754100  0.00277460  4.30661946  1.62078714  0.06516991 31.86005229
UnSkLab    96.28382497  0.00222750 1.108682E+2  0.00571468 1.171433E+2 36.08228445  0.00173615
SkLab      89.57689589  0.00222750 1.074506E+2  0.00571468  0.00585545 34.08554796  0.00173615
TTax                                                                                            0.08374198  0.00033328  0.00000160  7.18113787
DTax                                                                                            0.63178002  0.00018445  0.00000881 18.48766925
ROW                                                                                             1.01746927  0.00814068  0.00003913 1.526132E+2
Total      1.992317E+3 4.037773E+2 1.208516E+3 9.925798E+2 3.923863E+2 2.396920E+2 1.727716E+2 2.709003E+2 1.474935E+3 60.80792529 3.850638E+2

         +     COilGas     CMetMin     COthMin     CFoodPr      CTobac    CTextile    CApparel    CLeather     CWoodPr    CPaperPr     CPubMed

AOilGas     4.86390013
AMetMin                1.171975E+3
AOthMin                            1.273742E+2
AFoodPr                                        5.961751E+2
ATobac                                                      6.06452786
ATextile                                                               2.116762E+2
AApparel                                                                           2.251413E+2
ALeather                                                                                       62.83586288
AWoodPr                                                                                                    60.27306560
APaperPr                                                                                                               53.21283771
APubMed                                                                                                                            37.63730782
TTax        0.00007052  0.00553903  2.10868747  6.70498815  0.63008074  9.45215809  8.31022823  1.39432779  0.00000907  0.93973566  0.68191053
DTax        0.00000939  0.00598935  0.62164890 90.89747836  1.81511474  1.20412207 20.79871628  0.05370802  0.00004910  3.67734807  0.26441547
ROW         0.00172263  0.13529587 31.87696140 1.528576E+2 15.63417625 1.657241E+2 1.133582E+2 15.57837142  0.00022164 22.86108022 32.07322686
Total       4.86570267 1.172122E+3 1.619815E+2 8.466352E+2 24.14389959 3.880565E+2 3.676085E+2 79.86227010 60.27334542 80.69100166 70.65686068

         +   CChemical    CNMetMin     CMetals    CMetalPr     CElMach    CPrecIns   CTranspEq     COthMfg    CRecycle    CUtility      CConst

AChemical  70.43374757
ANMetMin               1.200335E+2
AMetals                            1.668836E+2
AMetalPr                                       27.42703111
AElMach                                                    18.81879757
APrecIns                                                                3.87253511
ATranspEq                                                                           4.94768622
AOthMfg                                                                                        12.07012801
ARecycle                                                                                                   13.29018962
AUtility                                                                                                               5.676514E+2
AConst                                                                                                                             6.818641E+2
TTax        1.02705346  0.65978333  3.10505670  0.00002925  0.00000144  0.45714349  0.00001514  0.00000500  0.63753419  0.02211605  0.00000786
DTax        0.96567351  8.47222089  2.04412031  0.00000375  0.00000254  0.67451874  0.01026528  0.00000215              7.58017826  0.00165489
ROW        2.584161E+2 15.82883758 61.08277503  0.00071438  0.00003510 11.08112316  0.00036972  0.00012222 13.13422032  0.37701621  0.00019196
Total      3.308426E+2 1.449944E+2 2.331155E+2 27.42777849 18.81883665 16.08532050  4.95833636 12.07025738 27.06194412 5.756307E+2 6.818660E+2

         +    CWhRetTr    CHotRest  CTransComm    CFinServ    CRealEst   CPubAdmin  CEducation     CHealth    COthServ     UnSkLab       SkLab

HH                                                                                                                     6.930000E+2 6.930000E+2
AWhRetTr   9.749277E+2
AHotRest               1.856037E+2
ATransComm                         1.992317E+3
AFinServ                                       4.037773E+2
ARealEst                                                   1.208516E+3
APubAdmin                                                              9.925798E+2
AEducation                                                                         3.923863E+2
AHealth                                                                                        2.396920E+2
AOthServ                                                                                                   1.727716E+2
TTax        7.46301004  0.01004667 2.253431E+2  6.30860704  0.14590516  0.91212607                          0.03640672
DTax       54.01424250  0.93634360 24.92639638 21.11908347 13.58570771              0.40790721  1.87834790  1.30415732
ROW        1.216003E+2  0.18218445 2.606366E+3 1.456640E+2  2.54162495 16.28142509              0.04311345  0.66052956
Total      1.158005E+3 1.867323E+2 4.848952E+3 5.768690E+2 1.224789E+3 1.009773E+3 3.927942E+2 2.416134E+2 1.747727E+2 6.930000E+2 6.930000E+2

         +        Land         ENT        TTax        DTax         ROW       Total

Itax                                                                   1.770000E+2
Capital                                                                3.447218E+3
HH                     2.615518E+3                         1.273080E+2 4.581826E+3
Govt                               2.836209E+2 9.583852E+2 2.094142E+2 1.628420E+3
Capacct                8.660000E+2                         8.173652E+2 2.793000E+3
ACrops                                                                 2.691673E+2
ALivestock                                                             1.474926E+3
AForFsh                                                                60.80787575
ACoal                                                                  2.067818E+2
AOilGas                                                                 4.86390013
AMetMin                                                                1.171975E+3
AOthMin                                                                1.273742E+2
AFoodPr                                                                5.961751E+2
ATobac                                                                  6.06452786
ATextile                                                               2.116762E+2
AApparel                                                               2.251413E+2
ALeather                                                               62.83586288
AWoodPr                                                                60.27306560
APaperPr                                                               53.21283771
APubMed                                                                37.63730782
AChemical                                                              70.43374757
ANMetMin                                                               1.200335E+2
AMetals                                                                1.668836E+2
AMetalPr                                                               27.42703111
AElMach                                                                18.81879757
APrecIns                                                                3.87253511
ATranspEq                                                               4.94768622
AOthMfg                                                                12.07012801
ARecycle                                                               13.29018962
AUtility                                                               5.676514E+2
AConst                                                                 6.818641E+2
AWhRetTr                                                               9.749277E+2
AHotRest                                                               1.856037E+2
ATransComm                                                             1.992317E+3
AFinServ                                                               4.037773E+2
ARealEst                                                               1.208516E+3
APubAdmin                                                              9.925798E+2
AEducation                                                             3.923863E+2
AHealth                                                                2.396920E+2
AOthServ                                                               1.727716E+2
CCrops                                                     69.44320858 2.709003E+2
CLivestock                                                 2.112288E+2 1.474935E+3
CForFsh                                                     0.04841805 60.80792529
CCoal                                                       0.00000454 3.850638E+2
COilGas                                                     0.26598827  4.86570267
CMetMin                                                     4.00981765 1.172122E+3
COthMin                                                     3.82039441 1.619815E+2
CFoodPr                                                    2.922717E+2 8.466352E+2
CTobac                                                     12.56206502 24.14389959
CTextile                                                   2.030955E+2 3.880565E+2
CApparel                                                   2.596499E+2 3.676085E+2
CLeather                                                   58.01955675 79.86227010
CWoodPr                                                     0.00254571 60.27334542
CPaperPr                                                   14.27923763 80.69100166
CPubMed                                                    16.91170635 70.65686068
CChemical                                                  11.87401013 3.308426E+2
CNMetMin                                                   56.74066600 1.449944E+2
CMetals                                                    1.212817E+2 2.331155E+2
CMetalPr                                                    0.02672581 27.42777849
CElMach                                                     0.01822777 18.81883665
CPrecIns                                                    0.00312497 16.08532050
CTranspEq                                                   0.01583336  4.95833636
COthMfg                                                     2.02582249 12.07025738
CRecycle                                                   10.55955234 27.06194412
CUtility                                                   25.90539630 5.756307E+2
CConst                                                      3.74549911 6.818660E+2
CWhRetTr                                                   45.92425247 1.158005E+3
CHotRest                                                    3.03244050 1.867323E+2
CTransComm                                                 2.031824E+3 4.848952E+3
CFinServ                                                   76.11588847 5.768690E+2
CRealEst                                                   18.61676325 1.224789E+3
CPubAdmin                                                  17.65104057 1.009773E+3
CEducation                                                 20.58716662 3.927942E+2
CHealth                                                    46.80736062 2.416134E+2
COthServ                                                   17.63561239 1.747727E+2
UnSkLab                                                                6.930000E+2
SkLab                                                                  6.930000E+2
Land                                                                   9.777824E+2
ENT        9.777824E+2  0.00017739                                     4.425000E+3
TTax                                                                   2.836209E+2
DTax                   1.222861E+2                         1.251088E+2 9.583852E+2
ROW                    8.211962E+2                                     4.935196E+3
Total      9.777824E+2 4.425000E+3 2.836209E+2 9.583852E+2 4.935196E+3 1.844927E+4
;