table sam0(s0,ss0) Billions of Current Tugrik

               wht         gro         v_f         osd         ocr         ctl         oap         rmk         wol         frs         coa         oil

pdr    1.083239E-4 5.100875E-8 2.949543E-5 2.740271E-6 2.242347E-6       0.006       0.001 7.636616E-4       0.003 5.416769E-6 9.532203E-5 9.706297E-9
wht         10.325 2.837018E-6 2.524420E-4 2.968558E-4 1.202665E-4       1.342       5.374       1.645       0.774 8.129151E-6       0.011 1.656213E-8
gro    1.210733E-4 2.595849E-5 7.346015E-5 6.908036E-5 2.732754E-5       0.157       0.030       0.027       0.071 1.907595E-5       0.002 7.037023E-9
v_f          0.001 8.565991E-6       0.222 9.253015E-4 3.679510E-4       1.820       4.215       0.829       1.287 1.429142E-5       0.028 8.940349E-7
osd    3.747505E-6 6.336593E-8 5.107146E-6 4.388140E-5 9.247207E-7       0.006       0.028       0.006       0.004 3.219613E-7 1.265355E-4 3.538425E-8
c_b    8.007205E-6 2.989043E-8 2.210940E-4 9.907383E-7 4.383566E-7       0.001 3.668692E-4 4.011928E-4       0.001 1.513632E-5 3.163267E-5 6.14734E-10
pfb    2.931334E-4 9.322102E-7 5.481074E-5 2.469333E-6 2.872826E-6       0.002 4.739373E-4 2.592594E-4       0.005 1.500326E-6 1.734012E-4 2.756536E-5
ocr    1.970195E-4 4.082608E-6 5.973841E-4 5.243962E-6 2.817553E-5       0.008       0.003       0.003       0.005 1.672299E-5 1.847211E-4 4.851728E-7
ctl          0.070 7.322713E-4       0.048       0.052       0.021       1.733       0.001 6.359022E-4       0.003       0.073 3.454558E-4 4.459674E-4
oap          0.061       0.002       0.039       0.046       0.018       0.045       0.070       0.007       0.030       0.052 2.459597E-4 5.542925E-4
rmk          2.501       0.518       2.388       1.492       0.593       0.014       0.003      10.663       0.009       2.122       0.010       0.023
wol          0.018 1.177313E-4       0.011       0.013       0.005       0.021       0.005       0.003       1.568       0.014 6.389880E-5 8.387064E-5
frs          0.166       0.002       0.077 1.273387E-4 5.294616E-5       0.034       0.008       0.004       0.034 9.573126E-4       0.098 1.283649E-6
fsh    6.260670E-7 2.342435E-7 1.216650E-7 1.914565E-7 8.639985E-8 9.641586E-5 9.793238E-5 3.975961E-6 1.195338E-6 1.482602E-6 1.335841E-7 7.631014E-9
coa          0.005 5.560503E-5       0.002 2.011406E-6 7.845729E-7       0.032       0.008       0.004       0.027 3.530776E-7 3.642256E-4 4.549026E-6
oil    3.297496E-7 1.437132E-9 4.247555E-7 9.800941E-9 1.943656E-9 8.900615E-7 8.294166E-8 1.023679E-7 1.296402E-6 1.285484E-7 1.404219E-6 3.295807E-6
gas    3.613847E-7 1.048428E-8 6.649619E-8 3.352853E-8 2.792809E-9 1.093191E-6 3.735010E-7 2.070769E-7 3.407543E-6 1.042300E-7 5.583147E-7 6.201624E-6
omn          0.029 3.555885E-4       0.011 1.705294E-5 5.997308E-6       0.181       0.042       0.024       0.178 4.139708E-4       0.107       0.009
cmt          0.006 4.678209E-5       0.004       0.004       0.002       0.018       0.005       0.003       0.011 1.449999E-6       0.009       0.006
omt          0.002 1.593024E-5       0.001       0.002 7.282154E-4 7.522347E-4 8.076799E-4 2.191384E-4       0.003 6.109788E-5       0.004       0.004
vol    1.672272E-4 2.836783E-6 1.152449E-4 1.213796E-4 3.121492E-5       0.020       0.012       0.006       0.001 9.574560E-6 1.330619E-4 3.783138E-5
mil          0.018 1.205862E-4       0.011       0.014       0.006 2.967650E-4 6.722442E-5 5.577662E-5 6.098835E-5 1.036683E-6       0.117 3.413099E-7
pcr    4.267610E-5 2.870254E-7 2.784839E-5 3.159414E-5 1.261829E-5 5.433312E-4 2.392235E-4 8.271109E-5 1.872432E-4 5.666037E-6 6.243206E-5 2.574565E-5
sgr          0.002 1.149685E-5       0.001       0.001 5.244375E-4       0.012       0.003       0.002       0.008 1.737854E-7       0.003 4.792725E-4
ofd          0.131 8.624904E-4       0.080       0.099       0.039       0.991       0.794       0.302       0.496 1.633037E-4       0.195       0.082
b_t          0.080 5.254142E-4       0.049       0.060       0.024       0.013       0.003       0.002       0.009 2.491363E-5       0.221 1.787033E-4
tex          0.032 5.231230E-4       0.036 1.320201E-4 5.696792E-5 3.511873E-4 1.122905E-4 1.005051E-4 1.506053E-4       0.024       0.090       0.038
wap          0.025 3.455009E-4       0.017 4.653147E-5 1.932127E-5 6.042196E-5 2.950866E-5 1.791256E-5 1.775437E-4       0.328       0.018       0.488
lea          0.002 4.068559E-5       0.003 1.065645E-5 4.151209E-6 3.841964E-5 5.381261E-5 7.199756E-6 4.422219E-5 3.863033E-6       0.024 2.900607E-4
lum          0.007 1.018394E-4       0.006 1.908381E-5 7.931797E-6       0.005 9.155744E-4 7.353997E-4       0.010 1.043978E-4       0.190       0.019
ppp          0.026 4.052586E-4       0.027 8.756457E-5 4.111305E-5       0.011       0.002       0.001       0.026 1.578371E-4       0.329       0.210
p_c          4.808       0.084       6.331       0.024       0.009       1.469       0.133       0.208       6.210       0.371       0.054 4.989918E-4
crp          0.290       0.005       0.354       0.002 5.793229E-4       0.957       0.107       0.134       3.560 1.891738E-4       9.325       0.432
nmm          0.131       0.002       0.099 2.281072E-4 4.504185E-5 4.078844E-4 6.364032E-5 2.314061E-4 9.812140E-4 3.478502E-5       0.241       0.470
i_s          0.003 1.952028E-4       0.005 8.395760E-5 9.661461E-5 1.062537E-4 1.707277E-5 1.722629E-5 7.416603E-6 3.111561E-6       0.450       0.868
nfm    5.125126E-4 7.295232E-6 4.248665E-4 1.195234E-6 1.256652E-6 6.314177E-6 2.994140E-6 3.277583E-6 1.019523E-5 1.603438E-6       0.025       0.021
fmp          0.095       0.002       0.116 4.331495E-4 1.715095E-4       0.001 2.299610E-4 2.631458E-4       0.001 4.609647E-5       0.199       0.001
mvh          0.076       0.001       0.098 3.659123E-4 1.451454E-4       1.540       0.149       0.217       6.256       0.460      17.675       3.971
otn    2.993517E-5 4.799244E-7 1.936455E-4 2.652209E-7 7.615698E-7 5.229089E-4 5.374107E-5 7.595034E-5       0.002       0.108       0.156       0.002
ele    5.504750E-6 5.072578E-8 2.565537E-6 7.371471E-8 9.329013E-8 3.145746E-5 1.154710E-5 1.489500E-5 1.295277E-4 7.197628E-6       0.015 3.215140E-5
ome          0.013 2.641757E-4       0.017 1.533407E-4 3.993259E-5       0.213       0.020       0.030       0.848       0.063       4.892       0.672
omf          0.016 2.248712E-4       0.011 2.782161E-5 1.112353E-5       0.001 3.013403E-4 1.673755E-4       0.002 1.099327E-5       0.212       0.001
ely          0.961       0.011       0.411 5.573208E-4 2.812499E-4       1.763       0.431       0.243       1.557       1.604       0.016 8.252942E-5
gdt    2.626858E-4 3.657366E-6 1.052588E-4 2.011168E-7 2.805482E-8 7.141959E-5 2.672855E-6 1.784601E-6 6.357864E-5 8.129434E-5 7.904465E-4 1.300843E-5
wtr          0.239       0.003       0.100 1.432427E-4 5.211470E-5 7.598424E-4 1.732437E-4 1.447151E-4 3.656261E-4 2.666211E-4       0.488       0.001
cns          0.004 5.754159E-5       0.002 4.072025E-5 6.345153E-6       0.007       0.001       0.001       0.004 2.441665E-4       2.902       0.541
trd          1.237       0.016       0.552 9.183221E-4 3.585761E-4       3.357       0.774       0.438       3.269       0.341      14.697       4.281
otp          0.844       0.010       0.376 8.337008E-4 2.208554E-4       2.389       0.511       0.317       2.479       0.236      28.746       3.151
wtp          0.113       0.001       0.035 5.089850E-5 2.947869E-5       0.113       0.038       0.012       0.195       0.023       3.663       0.443
atp    8.144115E-5 7.257676E-7 2.136083E-5 2.062929E-6 6.755689E-6 2.388765E-4 7.738149E-5 5.046272E-5 6.452736E-4 3.309640E-5       0.002 1.864411E-4
cmn          0.074 9.510345E-4       0.035 6.503186E-5 2.579332E-5       0.088       0.020       0.012       0.093       0.093       0.403       1.186
ofi          0.486       0.006       0.235 2.877143E-4 1.345387E-4       0.651       0.181       0.084       0.644       0.146       4.467       0.864
isr          0.212       0.003       0.079 2.384469E-4 8.249726E-5       0.266       0.033       0.036       0.196       0.040       0.699       0.064
obs          0.319       0.004       0.172 7.727949E-4 2.190499E-4       0.020       0.006       0.004       0.018       0.455       6.407       0.713
ros          0.007 1.445074E-4       0.014 3.389915E-5 1.015697E-5       0.155       0.144       0.048       0.554       0.027       1.903       0.346
osg          0.013 1.325177E-4 6.832606E-4 9.715818E-6 8.571377E-6       0.968       0.093       0.098       0.984       0.028       3.245       0.323
dwe    5.197819E-5 2.121174E-7 2.320348E-5 2.140922E-9 2.050932E-8 7.921912E-5 1.685290E-5 1.539349E-6 1.394837E-7 6.885018E-5       0.002 5.356490E-4
UnSkil       7.079       0.086      10.608       0.009       0.004     151.847      31.021      23.169      56.903       1.216      16.677       0.592
Skill        0.072 8.665056E-4       0.107 8.955070E-5 3.630676E-5       1.534       0.313       0.234       0.575       0.012       2.040       0.117
Captl        1.454       0.018       2.179       0.002 7.384427E-4      31.196       6.373       4.760      11.690       4.994      58.901      21.971
LandR        3.515       0.043       5.267       0.004       0.002      75.390      15.401      11.503      28.252
natrs                                                                                                                               55.006      13.849
indtx        0.618       0.011       0.818       0.003       0.001       0.192       0.015       0.026       0.808       0.047 4.926982E-6 -5.13740E-8
prdtx        0.071       0.002       0.061       0.004       0.001       0.480       0.114       0.094       0.222       0.046       7.471       0.265
imptx        0.705                   0.722                   0.114                   0.243                   0.024       0.061
exptx                                                                                                                                1.754       0.501
row         14.147                  10.317                   2.336                   4.970                   0.532       1.409

     +         omn         cmt         omt         vol         mil         pcr         sgr         ofd         b_t         tex         wap         lea

pdr    3.530280E-4       0.002 2.797894E-4             7.544172E-6                               0.009 5.636608E-5 1.087176E-5 5.360691E-7 3.110604E-7
wht          0.041       0.170       0.030             1.519551E-6                               4.966       0.462 7.907328E-4 4.653677E-6 3.454966E-5
gro          0.006       0.003 5.242508E-4             1.436947E-5                               0.004 1.753523E-4 2.149712E-4 8.068242E-7 5.228308E-6
v_f          0.103       0.253       0.044             5.387887E-6                               0.464       0.245       0.003 1.235448E-5 8.735315E-5
osd    4.619318E-4       0.003 5.068944E-4             2.983817E-6                               0.002 1.184318E-5 1.528011E-5 9.521327E-8 4.045713E-7
c_b    1.480865E-4 5.045660E-4 8.067506E-5             1.290885E-5                               0.004 1.122839E-5 5.863220E-6 4.318894E-7 1.277183E-7
pfb    6.331904E-4       0.005 9.442975E-4             9.630896E-7                               0.003 1.705769E-5       0.019 1.424338E-4 8.237271E-6
ocr    7.468809E-4       0.003 5.967262E-4             2.265991E-6                               0.008       0.007 1.003892E-4 9.249827E-6 7.764043E-6
ctl          0.005      37.451       0.009                   0.003                               0.028       0.003       0.055       0.070       0.194
oap          0.004       0.254       3.205                   0.029                               0.134       0.002       0.249       0.050       0.138
rmk          0.151       0.981       0.171                   2.612                               0.520       0.092       1.055       2.034       5.648
wol    9.608095E-4       0.106       0.019                   0.013                               0.056 5.849142E-4      20.035       0.013       0.036
frs          1.836       0.058       0.006             2.069986E-6                               0.011 7.918753E-5       0.018       0.005 4.796270E-5
fsh    3.454332E-6       0.002 9.181531E-5             1.415835E-6                               0.010 2.212335E-6 3.854206E-6 2.382487E-6 1.228050E-6
coa          0.122       0.113       0.011             2.762111E-4                               0.019       0.344       0.134       0.161       0.002
oil    2.839555E-5 2.070765E-7 1.693301E-8             3.960465E-8                         1.281424E-7 1.209453E-7 2.280205E-6 3.102950E-7 1.188137E-7
gas    4.739443E-6 3.932942E-7 5.891440E-8             7.821118E-8                         1.758216E-7 2.296097E-8 7.365171E-8 3.139878E-8 3.060018E-8
omn          5.406       0.015       0.002                   0.001                               0.003       0.007       0.034       0.020       0.010
cmt          0.016       4.577       0.001             1.806003E-4                               0.001       0.002       0.007 4.093595E-4       0.002
omt          0.007 6.778623E-4       1.675             6.140313E-6                               0.330 2.892570E-4       0.002 1.420389E-4       0.002
vol    3.686131E-4 5.013342E-5 8.812069E-6             1.921819E-4                               0.007 2.536680E-4 2.430152E-4 8.169837E-6 1.268846E-5
mil          0.184       0.397       0.069                   0.018                               0.929       0.056       0.078 1.088831E-6       0.001
pcr    1.044112E-4 4.308735E-6 7.876614E-7             9.875065E-7                         4.121849E-4       0.269 6.404192E-5 2.535392E-6 2.258822E-9
sgr          0.004 1.771108E-5 3.477579E-6             5.357453E-5                               0.493       0.002       0.003 1.113063E-4 2.756077E-8
ofd          0.323       0.027       0.001                   0.014                               7.391       0.740       0.201       0.008 4.702001E-5
b_t          0.231       0.353       0.062                   0.003                               0.188       1.964       0.051       0.027       0.006
tex          1.814       0.039       0.004             4.762845E-6                               0.015       0.003       7.944      30.677       0.054
wap          0.758       0.001 1.362115E-4             7.875759E-6                         3.713973E-4 8.928981E-4       0.086       0.112       0.026
lea          0.458       0.001 1.166959E-4             3.246941E-7                         4.847316E-4 2.665780E-4       0.300       0.088       0.123
lum          1.126       0.013       0.001             3.518861E-4                               0.004       0.036       0.009       0.055 7.564171E-4
ppp          1.810       0.071       0.007                   0.002                               0.025       0.475       0.079       0.412       0.004
p_c         68.572       4.573       0.427                   0.964                               1.977       1.872       0.871       0.733       0.041
crp         30.056       0.366       0.035                   0.005                               0.150       0.908       1.079       1.747       0.339
nmm         17.771       0.030       0.004             2.613926E-5                               0.027       0.328       0.002 8.901799E-4 4.392010E-4
i_s         52.265       0.024       0.002             2.386568E-6                               0.004       0.006 2.839961E-4 4.183599E-4 4.733488E-4
nfm          0.223       0.017       0.002             1.743915E-6                               0.001       0.006 1.052196E-4 2.073345E-4 2.049522E-4
fmp          5.506       0.016       0.002             3.629648E-5                               0.007       0.032       0.002       0.032 6.904626E-4
mvh         47.082       0.284       0.027                   0.030                               0.122       0.044       0.459       0.019       0.002
otn          0.266       0.009 8.649168E-4                   0.002                               0.004       0.004       0.037       0.003 1.053987E-6
ele          0.008 2.689839E-4 2.637856E-5             2.569418E-6                         1.080986E-4 1.379665E-6 4.099891E-5 4.687849E-6 2.588975E-6
ome         15.927       0.039       0.004                   0.004                               0.017       0.006       0.064       0.008 7.165576E-4
omf          0.373       0.028       0.003             5.638613E-6                               0.007       0.002       0.033       0.003 3.322482E-4
ely         11.863      18.922       2.014                   0.148                               3.253       2.125      10.088       6.607       1.576
gdt          0.013       0.003 2.694475E-4             2.255844E-5                         5.637279E-4 3.705726E-4       0.004       0.004 6.712641E-4
wtr          0.454       0.079       0.008                   0.009                               0.014       0.020       0.122       0.083       0.019
cns         18.173       0.018       0.002             4.832244E-4                               0.003       0.026       0.032       0.011       0.008
trd         42.383       4.507       0.458                   0.445                               0.826       0.478       5.309       5.549       0.950
otp         27.033       2.409       0.246                   0.171                               0.493       0.347       2.285       1.906       0.329
wtp          1.635       0.195       0.009                   0.008                               0.034       0.016       0.148       0.119       0.028
atp          0.033 6.416478E-4 8.863936E-5             1.199827E-5                         2.391643E-4 2.724018E-4 2.681387E-4 2.565328E-4 3.269389E-5
cmn          6.839       1.018       0.103                   0.017                               0.197       0.049       0.260       1.169       0.039
ofi         21.364       0.571       0.058                   0.089                               0.092       0.142       1.534       0.824       0.094
isr          3.103       0.103       0.010                   0.020                               0.026       0.030       0.215       0.183       0.013
obs          9.478       0.368       0.038                   0.002                               0.073       0.063       0.496       1.117       0.008
ros          3.620       0.045       0.005                   0.002                               0.011       0.007       0.107       0.016       0.001
osg          4.102       0.048       0.004                   0.002                               0.012       0.008       0.116       0.013 9.549707E-4
dwe          0.011 4.264927E-4 2.714517E-5             1.446033E-6                         1.967573E-5 1.849172E-5 9.887605E-4       0.006 2.485402E-5
UnSkil      69.354       0.724       0.721                   0.196                               2.075       0.472       2.363       7.413       2.328
Skill       10.363       0.140       0.139                   0.035                               0.459       0.069       0.388       1.059       0.370
Captl      676.051      10.534       2.227                   0.474                               7.091       1.140      27.054       4.576       0.484
indtx        8.822       0.536       0.051                   0.124                               0.273       0.246       0.111       0.098       0.003
prdtx       47.705       2.796       0.368                   0.011                               1.015       0.119       0.339       6.459       0.015
imptx        0.150       0.124       0.090       1.251       0.495       0.131       0.365       9.198       3.645       2.698       0.541       0.384
exptx       14.484                                                                                                       1.925       0.971       0.272
row          3.018       2.736       2.065      25.076      10.306       2.695       7.369     148.623      45.885      54.187      12.059       7.903

     +         lum         ppp         p_c         crp         nmm         i_s         nfm         fmp         mvh         otn         ele         ome

pdr    1.343438E-8 1.31711E-13       0.005 4.31572E-27 1.407954E-4 6.68896E-17       0.003 1.18807E-23 2.18318E-16 4.22608E-17 2.52103E-25 1.20673E-19
wht    3.302707E-8 1.58462E-11       0.639 5.32257E-23       0.017 2.04653E-14       0.343 1.04231E-24 6.51834E-17 3.90910E-17 2.00681E-24 1.45328E-17
gro    5.810864E-8 2.35989E-12       0.095 7.93269E-25       0.005 1.91138E-15       0.003 9.04496E-25 9.35788E-17 5.39669E-17 1.14819E-24 2.16451E-18
v_f    4.103343E-6 9.72868E-11       1.605 1.90229E-22       0.031 8.72587E-13       0.024 3.12056E-23 1.62381E-14 5.91699E-16 2.35539E-24 4.28900E-17
osd    1.075004E-8 1.93050E-13       0.007 4.76499E-26 2.608897E-4 8.17969E-16 6.788992E-4 1.03356E-24 2.53918E-17 3.82227E-17 1.16567E-25 1.66953E-19
c_b    5.810410E-9 4.39095E-14       0.002 1.77767E-27 7.883045E-5 4.94647E-17 1.794005E-4 9.31454E-24 3.68023E-15 1.11934E-16 2.01923E-25 4.01571E-20
pfb    9.901023E-8 2.38516E-13       0.010 8.01064E-27 4.694530E-4 2.03750E-16 1.566177E-4 8.13993E-24 4.13003E-15 2.51544E-16 2.26881E-24 2.18652E-19
ocr    9.564834E-6 2.68472E-13       0.010 9.10342E-27 3.119784E-4 1.98302E-15 6.983052E-4 1.07033E-22 5.33434E-14 2.00686E-15 1.51339E-23 2.34057E-19
ctl    4.908737E-4 1.80682E-12       0.098 1.13330E-25       0.003 1.63803E-15 6.783927E-4 1.17089E-21 1.66527E-15 2.65946E-12 8.39538E-25 2.72083E-23
oap    3.498129E-4 1.33788E-12       0.070 1.54152E-25       0.002 1.98720E-15       0.003 8.41058E-22 2.20853E-15 1.89731E-12 4.13978E-24 3.40570E-23
rmk          0.014 5.01190E-10       2.843 1.65226E-22       0.058 3.25357E-13       0.212 3.36582E-20 2.80614E-17 7.73370E-11 3.43628E-25 1.01574E-23
wol    9.098451E-5 3.30131E-13       0.018 6.72050E-27 5.699281E-4 1.57666E-17 1.770545E-5 2.16807E-22 3.17770E-17 4.92283E-13 5.84020E-23 9.68068E-24
frs          3.158 1.45795E-12 8.080570E-7 1.54865E-27       0.002 2.11865E-15       0.004 2.26120E-19 3.68407E-13 8.01453E-15 2.16107E-21 3.29482E-22
fsh    3.767815E-7 4.06896E-16 1.165098E-8 8.02251E-30 3.644369E-7 1.27187E-18 1.848613E-7 1.27855E-23 6.46661E-16 6.89065E-15 7.26431E-25 5.34467E-22
coa          0.042       0.187       6.721       0.287       2.678       0.426       0.153       0.198       0.039 2.118093E-8       0.001       0.032
oil    1.885973E-8 3.192377E-9 6.778050E-7 7.252350E-6 2.131932E-7 2.319740E-8 1.088025E-7 1.908191E-9 1.606599E-8 1.785449E-9 8.90493E-10 2.133346E-9
gas    1.779400E-8 2.156892E-8 1.958821E-6 5.002285E-6 1.457049E-6 4.371859E-8 4.124669E-7 8.38776E-10 2.988276E-9 4.35678E-10 4.902275E-9 1.773570E-9
omn          0.005 7.34990E-11       0.006 5.49895E-24       3.168 3.38985E-11      10.867 6.73898E-18 1.555364E-9 7.62373E-11 1.43154E-18 8.12293E-18
cmt          0.003 8.55222E-13       0.621 4.64071E-26       0.004 1.56047E-16 3.330293E-4 7.99355E-20 6.74427E-10 3.54263E-15 4.69682E-19 2.46917E-17
omt          0.002 2.83058E-13       0.352 2.12682E-26       0.001 1.47373E-16 1.401646E-4 3.34480E-20 2.80749E-10 1.55232E-15 1.56262E-19 9.06424E-18
vol    2.648185E-5 7.95887E-14       0.005 2.12415E-27 8.562549E-5 5.05216E-18 1.300631E-5 1.29997E-21 9.98343E-12 3.56598E-15 8.57028E-21 3.11585E-19
mil          0.002 6.73280E-10       0.973 7.14187E-24       0.055 1.68300E-13       0.128 2.38072E-18 1.836522E-9 5.20696E-15 5.08734E-17 1.64599E-22
pcr    1.226412E-5 8.22385E-15       0.003 3.11311E-28 2.932288E-5 7.69632E-18 3.426508E-5 5.65459E-22 4.69608E-12 1.41136E-16 3.86212E-21 1.52222E-19
sgr    2.397813E-4 3.38524E-13       0.083 1.23130E-26 5.971121E-4 7.83827E-15       0.002 2.36107E-20 1.94121E-10 3.67481E-16 1.81565E-19 7.89895E-18
ofd          0.037 2.18670E-11       9.462 3.91831E-23       0.072 2.42938E-13       0.168 1.72784E-18 1.464041E-8 1.38103E-14 1.18820E-17 5.71020E-16
b_t          0.004 8.18700E-11       0.118 1.07749E-24       0.101 1.81400E-13       0.177 3.22991E-18 6.917332E-9 3.22745E-14 6.23485E-17 2.96525E-16
tex          0.003 5.07889E-10 4.277424E-6 1.12943E-21       0.628 9.11052E-13       0.663 1.08120E-19 3.50500E-10 1.566182E-9 7.91598E-20 1.38073E-19
wap          0.002 3.25635E-12 2.842830E-5 2.77613E-27       0.336 9.48921E-13       0.643 1.02719E-18 2.882626E-9 1.43733E-13 1.89587E-20 7.76162E-19
lea          0.004 3.093436E-9 7.864627E-7 1.84068E-28       0.054 3.69019E-14       0.032 3.66022E-19 6.25507E-12 4.17424E-14 3.69995E-21 3.56676E-19
lum          2.612 5.466078E-9       0.061 3.83736E-23       0.552 9.51163E-13       0.974 1.22910E-16 2.354141E-8 1.466890E-8 1.92861E-18 4.63793E-17
ppp          0.040 6.725055E-8       0.676 5.32286E-23       0.147 5.25270E-14       0.077 1.64410E-18 7.39048E-10 2.82509E-11 2.05121E-17 4.07614E-16
p_c          1.442       0.817      10.851       3.168       6.341      10.300       2.427       1.737       0.776       0.001       0.120       1.950
crp          0.514 1.849468E-8 9.251975E-4 2.55427E-20      10.179 2.62430E-11      34.601 1.30558E-16 1.279728E-7 2.181595E-9 5.78493E-17 4.31767E-15
nmm          0.038 2.094356E-9 7.793121E-5 4.84174E-26       4.524 6.83878E-12       0.953 3.18191E-17 3.344056E-7 3.783645E-9 1.50834E-19 6.88361E-17
i_s          0.095 4.207388E-9 2.169799E-4 1.97350E-26       0.451 8.23319E-10       2.974 1.77880E-15 1.946268E-6 2.833935E-8 1.27522E-19 6.10865E-16
nfm          0.011 2.355125E-9 7.531581E-6 7.57486E-27       0.043 9.66162E-12      24.326 3.10281E-16 3.995482E-7 4.689276E-9 2.18178E-19 9.86025E-17
fmp          0.239 1.128558E-9 9.077999E-5 3.24700E-27       3.469 1.17476E-10      11.994 3.78551E-15 7.523766E-7 5.89806E-11 3.09272E-19 3.88268E-17
mvh          0.073 2.392045E-9       0.445 1.78645E-27       0.901 3.33530E-12       1.991 2.97348E-17 2.965636E-8 1.49243E-11 1.94545E-20 4.30055E-17
otn          0.011 2.76124E-13 1.511631E-4 7.17479E-30       0.011 1.14425E-13       0.054 5.34123E-17 1.52337E-10 2.547457E-9 1.18295E-20 1.22804E-17
ele    1.762575E-6 5.73023E-10 3.429023E-4 3.75001E-28       0.054 7.03717E-13       1.148 2.46010E-20 3.04515E-10 3.03104E-11 6.57005E-15 1.23790E-16
ome          0.029 2.983496E-9       0.061 3.11272E-22       0.058 1.12115E-12       1.246 2.04993E-16 1.229067E-7 2.351340E-8 2.20198E-16 2.23199E-14
omf          0.031 2.95332E-11       0.339 5.99297E-24       0.052 3.68678E-13       0.978 2.88043E-18 2.179119E-8 6.95488E-11 7.92359E-18 9.85051E-16
ely          5.783      15.898 1.454034E-4      21.794      15.753      20.518      24.813       5.524       3.930       2.630       3.278       8.059
gdt    1.110042E-4 2.301998E-4 5.452356E-5 4.898137E-5       0.004 6.487191E-4 5.180077E-4 4.427114E-5 2.589086E-5 1.523405E-5 1.004552E-5 5.373723E-5
wtr          0.011 8.68643E-10       0.004 2.92349E-23       0.114 3.09145E-12       0.697 7.71884E-18 6.36321E-11 4.39685E-11 6.66141E-18 2.86415E-17
cns          0.060 5.395448E-9       0.002 1.25925E-22       0.619 4.93501E-12       1.817 2.99414E-17 1.464533E-8 5.06466E-11 7.66894E-18 2.11260E-16
trd          0.728 1.175825E-8       1.694 3.85194E-21       2.531 1.01063E-10      18.642 5.65920E-16 3.535759E-7 4.449878E-9 1.34485E-15 1.61995E-15
otp          1.523 9.011124E-9       1.229 1.04256E-21       3.605 5.81802E-11       8.149 6.93762E-16 7.535811E-7 9.276976E-9 5.25178E-16 1.60193E-15
wtp          0.098 1.691010E-9       0.178 3.38538E-23       0.320 4.20199E-12       0.991 4.12541E-17 6.379547E-8 7.80975E-10 4.75898E-17 8.35364E-17
atp    2.945741E-4 3.02135E-13 4.875532E-5 5.40296E-28       0.099 5.69863E-13       0.486 1.69843E-20 4.10928E-11 1.27317E-12 5.61746E-20 1.51860E-18
cmn          0.080 5.219291E-9       0.345 1.83187E-22       1.278 5.48644E-12       4.955 2.95380E-17 3.955585E-8 3.82221E-10 1.50177E-16 1.63374E-16
ofi          0.134 5.121466E-9       0.361 7.35648E-22       0.767 5.04542E-12       3.141 1.40671E-16 1.671284E-7 3.912005E-9 2.59377E-16 3.87540E-16
isr          0.028 1.622546E-9       0.062 2.81013E-23       0.094 7.44161E-13       0.416 1.65607E-17 3.030939E-8 4.86907E-10 1.92481E-17 3.89642E-17
obs          0.144 6.355682E-9       1.118 1.74111E-22       2.521 6.36763E-11       8.219 3.40276E-17 6.386798E-8 2.640074E-9 1.71842E-16 1.96316E-16
ros          0.011 2.191972E-9       0.046 4.28860E-26       0.099 5.33954E-13       0.516 2.52873E-17 2.022596E-9 1.08454E-10 1.41331E-18 4.15198E-17
osg          0.013 1.393668E-9       0.050 4.67117E-24       0.170 8.40867E-13       0.699 3.43155E-17 5.433902E-9 1.89102E-10 5.58304E-18 1.54764E-16
dwe    3.865909E-4 1.67259E-12       0.001 1.62399E-27       0.001 1.11095E-14       0.008 7.89547E-21 2.43327E-11 1.71603E-12 1.03120E-20 4.05926E-20
UnSkil       1.044 1.017211E-6       0.647 1.000000E-6       2.435 1.000074E-6       7.669 1.000000E-6 4.509624E-6 1.000537E-6 1.000000E-6 1.000000E-6
Skill        0.138 3.327212E-9       0.142 6.66721E-22       0.433 1.32605E-11       1.483 2.00735E-17 2.204945E-7 1.02316E-10 7.08471E-17 5.07058E-16
Captl        3.914 1.892658E-8       1.618 3.83225E-21      13.786 3.99335E-10      51.414 6.07558E-16 1.889089E-5 1.769092E-7 7.94518E-15 3.25314E-15
indtx        0.185       0.096 2.794569E-5       0.391       0.841       1.210       0.268       0.227       0.099 -4.92408E-4       0.014       0.253
prdtx        0.382       0.067       0.714       0.294       0.418       0.171       1.217       0.022       0.017       0.005       0.011       0.047
imptx        1.157       1.793      22.966       9.264       3.090       4.118       0.232       4.081       9.649       4.306       1.799      20.732
exptx        0.057       0.030                   1.503                   0.044       4.194       0.130       0.109       0.677                   1.051
row         23.236      36.268     462.406     185.612      62.007      82.378       4.657      81.684     193.397      86.280      54.327     424.650

     +         omf         ely         wtr         cns         trd         otp         wtp         atp         cmn         ofi         isr         obs

pdr    5.18698E-27 1.414364E-5 5.048830E-7       0.001       0.006       0.002 1.056837E-5 5.366608E-4 4.613453E-5 1.702883E-8 1.362950E-8       0.001
wht    6.89460E-27       0.001 5.659755E-5       0.120       0.741       0.196       0.005       0.064       0.005 1.036174E-8 4.769447E-9       0.158
gro    1.07044E-27 2.443246E-4 8.449492E-6       0.018       0.110       0.030 4.640569E-4       0.009 8.157450E-4 3.157716E-7 3.135236E-8       0.024
v_f    1.79399E-26       0.004 1.420751E-4       0.301       1.860       0.317       0.053       0.160       0.014 3.377932E-7 1.423450E-6       0.402
osd    8.95553E-29 1.790587E-5 6.443877E-7       0.001       0.008 1.410988E-4 5.371430E-4 7.129388E-4 6.126370E-5 3.337691E-8 1.176964E-8       0.002
c_b    2.74130E-29 2.338833E-5 3.392038E-7 3.354477E-4       0.002 5.217758E-4 1.940649E-5 1.781477E-4 1.531425E-5 1.270816E-6 2.625751E-7 4.566071E-4
pfb    9.14882E-28 1.600883E-4 1.140809E-6       0.002       0.011       0.002 3.140227E-4 9.774893E-4 8.397784E-5 1.084509E-7 2.763274E-8       0.002
ocr    4.04396E-27 3.162936E-5 1.064295E-6       0.003       0.012       0.001 4.843819E-4       0.001 8.908131E-5 5.176738E-6 3.601852E-6       0.003
ctl    3.17366E-26       0.001 3.484104E-5       0.005       0.308       0.023       0.021 6.108945E-7 2.735995E-5 2.063436E-5 1.838312E-6       0.003
oap    2.42037E-26 9.126723E-4 2.481997E-5       0.004       0.220       0.068       0.003 6.898807E-7 1.950048E-5 1.007659E-5 6.391372E-6       0.002
rmk    1.17648E-24       0.042       0.001       0.150       8.963       1.214       0.474 7.500336E-7 7.956315E-4 4.544222E-4 1.649747E-4       0.074
wol    5.88624E-27 2.229502E-4 6.449660E-6 9.555175E-4       0.057       0.013       0.002 6.889840E-7 5.069495E-6 3.717156E-6 3.513971E-7 4.352544E-4
frs    1.05287E-23       0.203       0.017       2.943       0.625       3.755       0.184       0.064 8.499804E-7 4.779661E-7 8.552261E-7       0.036
fsh    1.11004E-25 1.144271E-7 5.490127E-9 2.306211E-8       0.292 1.938952E-5 3.304912E-5 1.406259E-6 2.055282E-8 7.589249E-6 5.402873E-7 1.921049E-4
coa          0.104     111.272       0.860       0.233       2.055       3.100       0.036       0.034       0.012       0.085       0.003       0.180
oil    3.795979E-9 8.071177E-6 7.373060E-8 1.528657E-4 1.787371E-7 1.270480E-5 1.229488E-7 1.878443E-7 3.428062E-8 1.279694E-8 2.564516E-9 6.444309E-6
gas    3.007289E-9 1.970003E-4 6.507349E-8 9.681690E-5 5.155576E-7 1.273764E-5 7.237725E-9 1.633277E-8 7.969266E-8 4.646850E-9 3.84508E-10 3.240436E-5
omn    4.62860E-23       7.922       0.057       9.905       0.477       0.913       0.094       0.025       0.017       0.025       0.003       0.652
cmt    2.46742E-26       0.142 9.161045E-6       0.035       0.480       0.134       0.024       0.004 3.853325E-4 9.241358E-5       0.001       0.001
omt    1.16661E-26       0.030 2.821032E-6       0.018       0.172       0.022       0.014       0.002 1.623775E-4 1.276629E-4 3.628302E-4 2.477397E-4
vol    4.93189E-27       0.004 3.152582E-7 3.664632E-4       0.009       0.003 3.973468E-4 6.858359E-5 5.781457E-6 2.103391E-6 4.352135E-5 2.163868E-4
mil    9.69802E-28       0.023 3.887760E-7       0.002       1.704       0.484       0.054 3.841519E-6       0.155 9.394995E-5 1.403031E-4       0.054
pcr    1.78494E-28 9.459872E-4 7.961008E-8 1.967806E-4       0.004       0.002 1.293541E-5 2.876503E-5 2.680475E-6 6.436095E-7 1.051089E-5 1.621185E-5
sgr    7.66508E-27       0.064 3.703438E-6       0.006       0.166       0.060       0.006       0.001 1.088797E-4 2.557281E-4 1.039312E-4 4.568491E-4
ofd    5.03136E-25       4.268 2.425768E-4       0.605      11.617       4.790       0.262       0.090       0.008       0.011       0.015       0.029
b_t    2.08501E-23       2.516       0.102       0.143       1.321       1.819       0.451       0.061       0.007       0.030       0.005       2.251
tex    4.81096E-26       0.360       0.014       0.412       0.738       0.897       0.089       0.060       0.002       0.012       0.004       1.374
wap    6.91009E-27       3.629       0.058       0.084       0.039       0.489       0.056       0.811       0.004 5.611476E-5 1.111303E-5       0.219
lea    1.94818E-24       0.153       0.006       0.498       0.092       0.187       0.005 2.741931E-4       0.002       0.004 4.820978E-4       0.227
lum    5.41239E-21       0.668       0.023      15.104       1.963      14.191       0.226       0.030       0.010       0.023       0.004       1.405
ppp    1.32643E-23       2.495       0.034       2.447       1.532       4.047       0.099       0.440       0.559       2.063       0.326      12.416
p_c          1.363      29.743       0.065       9.599       3.888     167.811      18.640      43.582       0.428       0.241       0.036       0.708
crp    5.81374E-23       6.049       0.018      21.164       6.220      19.270       0.280       0.001       0.053       0.384       0.038       7.867
nmm    4.81320E-24       1.482       0.062      88.201       0.929       9.005       0.381       0.016       0.216       0.058       0.003       9.525
i_s    5.83567E-23       1.310       0.019      43.666       0.308       6.260       0.112       0.008       0.091       0.004 7.979872E-4       2.947
nfm    5.70460E-23       0.543 7.383091E-4       5.052       0.184       0.103       0.024       0.001       0.025 7.241090E-4       0.001       1.670
fmp    1.47327E-23      14.144       0.067      16.379       0.691       2.730       0.195 3.857341E-4       0.227       0.005       0.001      11.876
mvh    6.43022E-24       1.630       0.025      14.332       0.798       2.282       0.018 2.881370E-4 4.214494E-4       0.094       0.014       3.726
otn    5.08386E-24       0.021       0.001       0.197       0.443      15.947       2.428       0.968       1.111       0.033       0.096       0.733
ele    4.42296E-26       0.006       0.002       0.033       0.200       0.043 6.335993E-4 2.130581E-4       7.419       0.018       0.002       0.014
ome    1.20516E-20      84.652       0.210      28.637       1.797      18.933       1.636       5.388      12.610       0.019       0.003       6.035
omf    1.30666E-23       0.019 9.751599E-5       2.134       0.295       1.371       0.108       0.109       0.004       0.034       0.006       0.919
ely          5.571      92.676      15.772       4.309      71.974      18.789       0.311       1.295      14.017      15.615       2.012      45.889
gdt    0.999049E-4       0.006       0.005       0.002       0.011       0.006 2.794736E-4 6.806736E-4 9.921547E-4       0.002 2.228895E-4       0.004
wtr    4.02300E-22       7.533       0.301       0.298       0.866       1.506       0.028       0.004       0.021       0.060       0.007       1.619
cns    2.23543E-21      11.012       0.026       6.935       0.914      23.317       0.908       2.948       1.327       1.582       0.363       0.981
trd    3.87927E-22      36.855       0.135      30.021      24.709      26.941       0.591       5.712       3.290       3.094       1.140      10.930
otp    2.07999E-21      54.751       0.456      33.908      21.373      45.388       1.472       4.836       5.429       3.993       0.971      22.792
wtp    2.18355E-23       6.754       0.015       1.612       0.975       1.267       1.218       0.115       0.195       0.070       0.012       1.289
atp    6.03721E-27       0.002 3.175291E-5 5.075200E-4       0.686       0.274       0.018       0.043       1.880       0.056       0.012       3.469
cmn    1.21062E-21      13.934       0.129       9.346       7.860       8.938       0.253       1.611      14.071       3.745       0.866       9.097
ofi    3.88775E-22      36.865       0.242      10.760      18.791      15.132       0.910       8.573       5.607      54.884       5.190       4.607
isr    8.05758E-24       3.431       0.055       1.313       2.343       7.511       0.120       2.795       1.177       3.844      17.517       0.376
obs    1.72149E-21       7.110       0.040      18.868      23.882      25.589       2.355      13.561       7.167       8.752       1.385      22.470
ros    5.50429E-25       0.853       0.030       1.604       0.318       0.506       0.066       1.004       0.437       0.180       0.035      10.933
osg    9.75409E-25       3.960       0.115       0.994       0.377       0.691       0.072       0.278       0.190       0.356       0.041       7.796
dwe    6.87495E-26       0.003 1.139250E-5       0.014       0.055       0.018 8.950890E-4       0.008       0.006       0.002 3.083625E-4       0.017
UnSkil 1.000000E-6     160.388       2.034      39.319      37.605      79.806       2.364      16.143       6.983      15.709       2.641      31.936
Skill  1.07989E-21      83.363       1.057       7.323       8.536      18.115       0.537       3.664       4.933      11.098       1.866      22.562
Captl  3.36823E-20     193.306       2.989      67.469     173.492     159.716       6.227      59.705      79.565      95.834      12.712      18.177
indtx        0.172       6.799       0.104       1.245       0.576      21.656       2.408       5.617       0.042       0.018       0.033      -0.199
prdtx        0.022      10.240       0.418      14.410      17.069       6.729       0.419       1.976       1.285       1.230       0.262       2.431
imptx        0.531       0.235
exptx        0.509
row         11.288      11.325       0.759      25.425      34.384      85.134       2.736      30.741      20.884      10.282      13.825      68.705

     +         ros         osg         dwe       hhsld         gov         inv      UnSkil       Skill       Captl       LandR       natrs       depry

pdr          0.004       0.007 7.161591E-6
wht          0.184       1.294       0.002      21.727
gro          0.086       0.121 8.049023E-6
v_f          1.367       2.151       0.003      19.569
osd          0.002       0.014 7.631415E-5
c_b    3.695669E-4       0.004 1.254361E-6
pfb          0.003       0.020 7.027951E-5
ocr          0.008       0.015 3.469118E-5       2.398
ctl          0.017       0.011 3.490521E-6     111.651                 126.056
oap          0.008       0.013 2.148333E-6      27.183                  30.689
rmk          0.248       0.614 4.202235E-4       3.096                   3.496
wol    5.289239E-5       0.006 2.633041E-5      22.279                  25.151
frs          0.068       0.224       0.001       0.618
fsh          0.011 9.744317E-4 2.905289E-7
coa          0.233       3.747 1.482387E-4       9.558
oil    5.085055E-9 2.303509E-8 5.134845E-8
gas    6.466113E-8 9.299578E-8 1.889278E-6
omn          0.095       0.464       0.302       2.640                   3.117
cmt          0.109       0.135 1.742703E-6      71.728
omt          0.057       0.033 2.945051E-6      10.786
vol          0.002       0.002 1.159761E-6      26.256
mil          1.094       0.791 2.851814E-4       8.725
pcr          0.001 9.203172E-4 1.800170E-8       2.547
sgr          0.040       0.038 1.194845E-6       6.735
ofd          2.579       3.060 6.876484E-5     140.758
b_t          0.514       0.194       0.015      48.672
tex          0.168       0.645       0.093      15.280                   5.078
wap          0.157       0.397       0.002      23.070
lea          0.234       0.426       0.001       5.237                   1.162
lum          0.645       0.728       0.567                               2.084
ppp          0.937      10.031       0.232       6.736                   5.597
p_c          0.486       1.651       0.004     109.793
crp          1.356      25.150       1.141      23.121       4.495
nmm          0.501       2.421       4.834                               1.835
i_s          0.024       0.304       3.233                               0.617
nfm          0.018       0.231       0.193                               2.157
fmp          0.225       1.735       4.002                              18.268
mvh          0.162       0.309       0.079       2.091                  99.854
otn          0.024       1.829       0.031       3.618                  63.666
ele          0.300       1.769 4.431561E-6       1.857                  46.277
ome          1.616      15.797       0.294       7.979                 241.429
omf          0.414       1.157       0.038       1.528                   5.782
ely         11.914      62.740       0.051     459.445
gdt          0.002       0.011       0.003
wtr          0.262       1.464       2.911       5.766
cns          0.483       9.027       6.821       0.563       3.931     438.949
trd          4.687       6.134       0.399     112.302       0.772     100.296
otp          5.403      14.780       1.728     111.727       4.840      82.695
wtp          0.986       0.806       0.066       4.414       1.397      10.601
atp          5.523       1.404       0.034      75.280
cmn          4.301      20.710       0.107      51.727                   0.871
ofi          2.647      12.524       5.012       9.923
isr          0.685       2.231       0.967       8.688
obs          3.195      24.464       3.600      20.935      14.625      95.011
ros        126.970      52.679       0.160      27.669       1.793      10.596
osg         17.751     184.522       0.058      40.680     477.942       6.183
dwe          0.031       0.095       0.008     152.884       0.608
hhsld                                                                              886.106     317.656    1985.183     139.377      68.854
inv                                            957.387                                                                                         469.994
UnSkil       9.921      83.848       0.710
Skill        7.009     127.356
Captl        7.664      49.424     114.829
depry                                          469.994
indtx       -0.015       0.425 -1.82167E-5     152.548       6.018      40.929
prdtx        0.281       0.904       1.324
dirtx                                           -1.993
row         29.638      40.463

     +       trdmg       indtx       prdtx       imptx       exptx       dirtx         bop         row

v_f                                                                                              4.765
osd                                                                                              1.819
ocr                                                                                              0.684
ctl                                                                                              3.231
oap                                                                                              8.990
wol                                                                                             60.935
coa                                                                                            100.916
oil                                                                                             56.527
omn                                                                                           1185.468
cmt                                                                                             18.067
omt                                                                                              0.923
ofd                                                                                              1.959
b_t                                                                                              0.861
tex                                                                                             75.403
wap                                                                                             55.200
lea                                                                                             11.951
lum                                                                                              3.150
ppp                                                                                              0.702
p_c                                                                                              2.025
crp                                                                                             10.284
i_s                                                                                              2.230
nfm                                                                                            206.792
fmp                                                                                              1.174
mvh                                                                                              0.639
otn                                                                                              2.040
ome                                                                                              5.392
omf                                                                                              3.185
ely                                                                                              0.840
wtr                                                                                              0.919
cns                                                                                              3.063
trd                                                                                             16.599
otp        109.118                                                                             213.082
wtp          1.689                                                                               6.964
atp                                                                                            122.852
cmn                                                                                             25.422
ofi                                                                                              4.613
isr                                                                                              2.470
obs                                                                                             26.642
ros                                                                                              9.818
osg                                                                                             20.177
gov                    254.762     130.027     104.894      28.213      -1.993
inv                                                                                 48.545
trdmg                                                                              110.807
bop                                                                                           2438.122
row                                                                               2278.770
;